0 30.201961 630.072242 599.870282 
1 32.052023 646.506874 614.454851 
2 24.693608 518.715772 494.022164 
3 23.129430 502.503196 479.373766 
4 25.346478 504.327797 478.981319 
5 28.292501 550.037556 521.745055 
6 25.172837 502.032810 476.859973 
7 27.399707 503.289759 475.890052 
8 27.221632 502.664956 475.443324 
9 28.054292 506.835539 478.781247 
10 28.882554 505.643252 476.760699 
11 29.186511 504.985708 475.799197 
12 29.504901 504.444846 474.939945 
13 31.130847 506.692402 475.561556 
14 31.000000 506.632925 475.632925 
15 32.866566 508.690363 475.823797 
16 32.853122 512.915353 480.062231 
17 33.787569 509.088568 475.300999 
18 34.114118 510.078305 475.964186 
19 35.139820 510.675036 475.535216 
20 35.424408 511.452357 476.027949 
21 36.285347 512.375027 476.089680 
22 36.902305 513.784881 476.882576 
23 39.018960 514.020799 475.001839 
24 39.000000 514.889773 475.889773 
25 39.558391 515.142686 475.584295 
26 40.784942 516.240778 475.455836 
27 41.612361 517.860954 476.248593 
28 42.015863 517.035871 475.020008 
29 44.039188 519.618808 475.579620 
30 43.430129 517.736225 474.306096 
31 44.516051 520.328828 475.812777 
32 45.172731 520.985591 475.812860 
33 45.818201 520.478515 474.660314 
34 46.910402 522.408033 475.497631 
35 48.207464 524.062738 475.855274 
36 49.310270 524.410446 475.100177 
37 49.503505 525.111111 475.607606 
38 56.827337 532.879535 476.052198 
39 56.524502 532.107676 475.583175 
40 52.459827 528.132853 475.673026 
41 54.449438 529.652861 475.203423 
42 54.700369 531.895158 477.194789 
43 55.471495 530.852712 475.381217 
44 56.278422 532.101501 475.823079 
45 57.661564 533.862019 476.200455 
46 58.688234 534.714374 476.026140 
47 61.794908 537.458351 475.663443 
48 65.725918 542.876028 477.150110 
49 66.620947 543.145549 476.524603 
50 67.651877 543.799720 476.147843 
51 68.659056 545.257009 476.597954 
52 70.190330 549.762757 479.572427 
53 71.557164 549.896335 478.339170 
54 71.291810 546.992380 475.700570 
55 72.437576 549.786780 477.349204 
56 73.558930 549.421476 475.862546 
57 75.642757 562.199330 486.556573 
58 75.458787 552.078259 476.619472 
59 76.791061 552.088927 475.297866 
60 77.455335 552.618586 475.163250 
61 78.437487 553.174514 474.737027 
62 79.472305 554.900404 475.428099 
63 80.671872 555.924151 475.252279 
64 81.516815 556.957050 475.440235 
65 82.795773 558.280937 475.485164 
66 83.484900 559.116355 475.631454 
67 84.496929 559.651002 475.154073 
68 85.615418 561.302386 475.686968 
69 86.497781 562.015310 475.517529 
70 87.458729 562.140228 474.681499 
71 89.000000 564.510124 475.510124 
72 89.366954 566.350410 476.983456 
73 90.463657 566.210526 475.746869 
74 91.424902 566.773120 475.348217 
75 92.562207 568.390661 475.828454 
76 93.341367 568.604204 475.262837 
77 94.623460 570.275630 475.652170 
78 95.575156 571.488493 475.913337 
79 96.467653 571.752222 475.284568 
80 97.400142 573.404162 476.004020 
81 98.439346 574.175505 475.736159 
82 99.436887 574.784671 475.347783 
83 100.551689 576.115557 475.563868 
84 101.389003 577.365622 475.976619 
85 102.483600 578.273790 475.790190 
86 103.527363 580.170502 476.643139 
87 104.469508 579.419989 474.950481 
88 105.290233 581.228537 475.938304 
89 106.446437 582.910746 476.464309 
90 107.467677 582.857775 475.390098 
91 108.563460 583.858115 475.294655 
92 109.565470 584.762506 475.197036 
93 110.582464 585.492495 474.910032 
94 111.515112 587.048737 475.533625 
95 112.848083 588.020658 475.172575 
96 114.570882 591.626779 477.055897 
97 114.650361 589.603538 474.953178 
98 115.489157 591.668763 476.179606 
99 116.516993 592.200120 475.683127 
100 117.459270 592.031140 474.571870 
